1 4
1 6
1 8
1 10
1 12
1 15
1 29
1 33
1 37
1 42
1 44
1 52
1 62
1 64
1 72
1 81
1 96
1 114
1 130
1 152
1 176
1 177
1 185
1 203
1 204
1 217
1 226
1 271
1 291
1 292
2 3
2 19
2 23
2 33
2 35
2 43
2 46
2 49
2 51
2 60
2 84
2 115
2 116
2 117
2 135
2 137
2 182
2 189
2 206
2 219
2 221
2 229
2 231
2 235
2 270
3 12
3 19
3 22
3 33
3 46
3 50
3 67
3 91
3 95
3 112
3 115
3 126
3 145
3 180
3 183
3 198
3 208
3 232
3 262
3 265
3 267
3 270
4 7
4 8
4 15
4 29
4 31
4 32
4 34
4 36
4 38
4 39
4 49
4 86
4 196
4 204
4 217
4 234
4 260
4 281
4 291
5 6
5 11
5 27
5 29
5 47
5 48
5 78
5 93
5 106
5 132
5 153
5 161
5 167
5 195
5 205
5 218
5 238
5 239
5 251
5 300
6 9
6 27
6 47
6 71
6 82
6 93
6 109
6 154
6 167
6 171
6 177
6 182
6 194
6 237
6 256
6 272
6 279
7 8
7 10
7 14
7 18
7 23
7 26
7 66
7 77
7 83
7 94
7 111
7 113
7 187
7 230
7 290
7 296
7 298
8 10
8 25
8 37
8 40
8 62
8 64
8 96
8 100
8 123
8 127
8 199
8 207
8 223
8 224
9 11
9 18
9 20
9 47
9 71
9 80
9 148
9 153
9 157
9 161
9 199
9 238
9 275
9 276
9 278
10 11
10 29
10 39
10 87
10 89
10 142
10 147
10 166
10 204
10 210
10 214
10 260
11 16
11 53
11 90
11 93
11 106
11 132
11 157
11 237
11 275
11 278
11 282
12 13
12 36
12 59
12 85
12 86
12 172
12 203
12 206
12 214
12 252
12 288
13 15
13 36
13 52
13 73
13 76
13 85
13 127
13 131
13 140
13 199
13 293
14 22
14 24
14 38
14 45
14 76
14 77
14 123
14 146
14 160
14 164
14 168
15 37
15 55
15 90
15 120
15 149
15 175
15 226
15 241
15 258
16 34
16 54
16 67
16 101
16 124
16 141
16 198
16 216
16 219
16 229
16 241
17 28
17 34
17 41
17 48
17 50
17 82
17 88
17 92
17 158
17 189
17 242
18 61
18 102
18 125
18 153
18 178
18 263
18 268
18 297
18 298
19 28
19 92
19 103
19 129
19 137
19 144
19 154
19 235
20 22
20 29
20 82
20 138
20 157
20 191
20 228
20 272
21 28
21 65
21 110
21 124
21 128
21 139
21 156
21 201
21 207
22 79
22 108
22 144
22 186
22 242
22 283
23 57
23 76
23 111
23 236
23 257
23 297
24 57
24 97
24 164
24 184
24 209
24 220
24 297
25 29
25 36
25 112
25 114
25 139
25 240
25 266
26 54
26 57
26 97
26 160
26 215
26 247
26 254
27 49
27 82
27 142
27 194
27 225
27 285
28 43
28 49
28 62
28 117
28 299
29 81
29 193
30 34
30 99
30 145
30 189
30 193
30 211
30 279
31 109
31 136
31 195
31 247
31 269
31 285
32 44
32 56
32 149
32 179
32 192
32 229
33 74
33 227
33 231
33 286
34 169
34 202
34 240
35 80
35 84
35 121
35 201
35 250
35 267
36 42
36 56
36 114
37 87
37 146
37 196
37 273
38 52
38 100
38 222
38 252
38 292
39 83
39 222
39 251
39 271
40 98
40 170
40 212
40 284
40 300
41 137
41 201
41 208
41 210
41 211
42 73
42 223
42 234
42 288
43 129
43 179
43 202
43 277
44 47
44 55
44 73
44 140
45 56
45 118
45 125
45 151
45 188
46 63
46 126
46 166
46 289
47 119
47 300
48 50
48 69
48 239
48 250
49 79
49 88
50 68
50 98
50 242
51 54
51 122
51 126
51 144
51 244
52 59
52 123
52 293
53 119
53 138
53 256
53 275
53 283
54 75
54 99
54 150
55 81
55 225
55 233
56 64
56 142
57 66
57 259
58 70
58 92
58 158
58 216
58 243
59 74
59 140
59 193
60 79
60 103
60 183
60 233
61 111
61 118
61 133
61 168
62 87
62 233
63 77
63 80
63 213
63 283
64 248
64 258
65 84
65 87
65 221
65 274
66 94
66 223
66 230
67 155
67 198
67 219
68 93
68 218
68 256
68 269
69 70
69 135
69 143
69 207
70 108
70 122
70 239
71 90
71 137
71 290
72 98
72 130
72 237
72 244
73 188
73 255
74 134
74 181
74 227
75 83
75 104
75 164
75 187
76 236
76 259
77 151
77 294
78 132
78 238
78 266
78 281
79 134
79 173
80 105
80 175
81 120
81 235
82 276
83 215
83 253
84 172
84 267
85 89
85 244
85 294
86 125
86 149
86 210
87 255
88 134
88 265
88 282
89 127
89 165
89 177
90 251
91 128
91 231
91 245
92 101
94 159
94 209
95 99
95 107
95 144
96 170
96 273
97 118
97 294
98 143
99 286
100 104
100 185
101 141
101 289
102 118
102 187
102 296
103 115
103 165
104 111
104 151
105 200
105 245
105 246
106 205
106 295
107 115
107 122
107 128
108 243
108 287
109 171
109 190
110 135
110 136
110 246
112 127
112 130
113 116
113 160
113 253
114 156
116 150
116 284
117 141
117 250
119 148
119 218
120 176
120 180
121 136
121 186
121 202
122 264
123 212
124 135
124 261
125 174
126 162
128 145
129 136
129 156
130 139
131 224
131 241
131 286
132 190
133 146
133 257
133 272
134 273
138 228
138 230
139 179
140 268
141 264
142 252
143 176
143 291
145 162
147 209
147 253
148 184
150 165
152 162
152 222
154 277
155 182
155 200
158 262
159 192
159 287
161 171
163 227
163 243
163 277
166 185
167 249
168 188
169 211
169 295
170 234
172 260
173 220
173 254
174 263
174 285
175 181
178 259
178 296
180 203
181 191
183 232
184 195
186 299
190 266
191 228
192 214
194 295
196 248
197 224
197 262
197 271
200 279
205 269
206 245
208 274
212 264
213 216
213 280
215 287
217 288
220 298
221 261
225 247
226 240
232 284
236 268
246 261
248 254
249 282
249 290
255 292
257 263
258 265
270 280
274 289
276 278
280 299
281 293
